95,1
95,3
101,6
101,4
91,5
107,35
101,7
97,5
97,1
97,3
99,4
99,9
99,5
99,162
99,3
14,4
101,5
101,3
101,1
100,9
100,8
100,7
100,6
100,5
100,4
100,3
100,1
99,182
99,181
99,180
99,179
99,178
99,177
99,176
99,175
99,174
99,173
99,172
99,171
99,170
99,169
99,168
99,167
99,131
99,127
99,126
99,125
99,124
99,123
99,122
99,121
99,120
99,119
99,118
99,117
99,116
10,2
10,1
10,3
99,115
99,114
99,113
99,112
99,111
99,110
99,109
99,108
99,107
11,2
99,106
11,1
11,3
99,105
99,104
99,103
99,102
99,101
99,100
99,99
99,98
99,97
99,96
9,2
99,95
99,94
9,1
99,93
99,92
9,3
99,91
99,90
99,89
99,88
99,87
99,86
99,85
99,84
99,83
99,82
99,81
99,80
8,2
99,79
8,1
99,78
8,3
99,77
99,76
99,75
12,2
99,74
12,1
99,73
12,3
99,1
99,8
94,5
94,4
94,3
94,1
20,2
93,5
20,1
93,4
20,3
